((("nil" .
   [1 0 0])
  ("open" .
   [1 0 0 0])
  ("val" .
   [2 0 0])
  ("islower" .
   [0 0 0 1 0 0 0])
  ("tmpResult" .
   [0 0 2 0 0 0 0 0 0])
  ("postfixEval" .
   [0 0 0 0 0 0 0 0 1 0 0])
  ("resStack" .
   [1 0 0 0 7 1 0 4])
  ("isdigit" .
   [0 0 1 0 0 0 0])
  ("syntaxValid" .
   [0 0 0 1 0 0 0 0 0 0 0])
  ("false" .
   [0 0 0 3 0])
  ("true" .
   [0 0 0 2])
  ("letterMapped" .
   [0 0 0 0 1 0 0 0 0 0 0 0])
  ("Map" .
   [4 0 1])
  ("rhs" .
   [7 0 1])
  ("lhs" .
   [9 0 0])
  ("pop" .
   [3 0 1])
  ("top" .
   [7 0 1])
  ("push" .
   [4 0 0 4])
  ("opStack" .
   [0 0 0 1 9 0 0])
  ("infix" .
   [2 0 0 2 0])
  ("c" .
   [1])
  ("postfix" .
   [2 0 0 3 1 0 7])
  ("0.17" .
   [1 0 0 0])
  ("ecb-autoloads" .
   [0 0 0 0 0 0 0 0 0 1 0 0 0])
  ("ecb" .
   [0 0 1])
  ("require" .
   [1 0 0 1 0 0 0])
  ("/dev/null" .
   [0 0 0 0 0 0 1 0 0])
  ("sml/is-%p-p" .
   [0 0 0 0 1 0 0 0 0 0 0])
  ("sml/-debug" .
   [0 0 0 0 1 0 0 0 0 0])
  ("sml/shorten-directory" .
   [1 0 0 0 0 0 0 0 0 0 0 0 0 0 0 0 0 0 0 0 0])
  ("push_back" .
   [0 0 0 0 1 0 0 0 0])
  ("load-theme" .
   [0 0 0 0 0 0 0 0 0 1])
  ("exit_code" .
   [0 0 0 0 0 1 0 0 0])
  ("datetime" .
   [0 0 0 1 0 0 0 0])
  ("import" .
   [0 0 0 0 0 1])
  ("expr" .
   [1 0 0 0])
  ("cerr" .
   [0 0 2 0])
  ("exit" .
   [1 0 0 0])
  ("expected" .
   [2 0 0 0 0 0 0 2])
  ("NUM" .
   [2 0 0])
  ("Expect" .
   [1 0 0 2 2 1])
  ("style" .
   [0 0 0 1 0])
  ("code_format" .
   [0 0 0 0 0 0 0 0 1 0 0])
  ("code" .
   [2 0 1 0])
  ("Type" .
   [1 0 0 0])
  ("END_OF_LINE" .
   [0 0 0 1 1 0 0 0 0 0 0])
  ("func_body" .
   [0 0 0 0 0 0 2 1 0])
  ("arg_str" .
   [0 0 0 1 0 0 2])
  ("func_name" .
   [0 0 0 0 0 0 2 0 1])
  ("rtn_type" .
   [0 0 1 1 0 1 0 0])
  ("re" .
   [6 0])
  ("self" .
   [12 0 0 2])
  ("Bad_date" .
   [0 0 0 1 1 0 0 0])
  ("throw" .
   [0 0 0 1 2])
  ("dec" .
   [1 0 0])
  ("oct" .
   [1 0 0])
  ("aug" .
   [1 0 0])
  ("jul" .
   [1 0 0])
  ("may" .
   [1 0 0])
  ("mar" .
   [1 0 0])
  ("jan" .
   [1 0 0])
  ("sep" .
   [1 0 0])
  ("jun" .
   [2 0 0])
  ("max" .
   [4 0 0])
  ("feb" .
   [1 0 0])
  ("day" .
   [1 0 0])
  ("year" .
   [0 0 1 0])
  ("default_date" .
   [0 0 0 0 0 0 0 0 0 0 2 0])
  ("Month" .
   [3 0 0 1 1])
  ("Date" .
   [8 0 0 0])
  (">>" .
   [1 0])
  ("nRobots" .
   [0 0 0 0 0 1 0])
  ("cols" .
   [1 0 0 0])
  ("rows" .
   [1 0 0 0])
  ("fromCmd" .
   [2 0 0 0 0 1 0])
  ("endl" .
   [16 0 0 1])
  ("default" .
   [0 0 0 1 2 0 1])
  ("switch" .
   [0 0 2 0 1 0])
  ("backSize" .
   [0 0 0 1 0 0 0 0])
  ("buffer" .
   [3 0 0 0 0 0])
  ("frontSize" .
   [2 0 0 0 0 0 1 1 0])
  ("middle" .
   [0 0 0 1 1 1])
  ("front" .
   [2 0 0 0 2])
  ("another" .
   [1 0 0 0 0 0 0])
  ("char" .
   [0 0 5 2])
  ("rot13" .
   [1 0 0 0 0])
  ("color-theme-sanityinc-solarized-dark" .
   [0 0 0 0 0 0 0 0 0 0 0 0 0 0 0 0 0 0 0 0 0 0 0 0 0 0 0 0 0 0 0 0 0 0 1 0])
  ("custom-theme-load-path" .
   [1 0 0 0 0 0 0 0 0 0 0 0 0 0 0 0 0 0 0 0 0 1])
  ("Custom" .
   [0 0 0 0 0 2])
  ("vec" .
   [0 0 1])
  ("iostream" .
   [3 0 0 0 1 1 0 3])
  ("yas/load-directory" .
   [0 0 0 0 0 0 0 0 0 0 0 0 0 0 0 0 0 1])
  ("yas/root-directory" .
   [0 0 0 0 0 0 2 0 0 0 0 0 0 0 0 0 0 0])
  ("load-path" .
   [0 0 0 0 0 0 0 1 1])
  ("add-to-list" .
   [0 0 0 0 0 0 0 0 0 0 4])
  ("yas/snippet-id" .
   [0 0 0 0 0 0 1 0 0 0 0 0 0 0])
  ("yas/snippet-p" .
   [0 0 0 0 0 0 0 0 0 0 0 0 1])
  ("yas/snippet" .
   [0 0 0 0 0 0 0 0 0 0 1])
  ("setq" .
   [3 0 0 2])
  ("hgjss" .
   [0 0 1 0 0])
  ("map" .
   [5 0 1])
  ("using" .
   [0 0 0 1 5])
  ("utility" .
   [0 0 0 0 0 1 0])
  ("vector" .
   [0 0 0 1 0 0])
  ("assert" .
   [0 0 0 0 1 1])
  ("include" .
   [6 0 0 0 10 0 5])
  ("aio.h" .
   [2 1 0 0 0])
  ("inc" .
   [4 0 3])
  ("int" .
   [4 0 0])
  ("while" .
   [0 0 3 3 1])
  ("prev_y" .
   [1 0 0 0 0 0])
  ("prev_x" .
   [0 0 0 1 0 1])
  ("mid_y" .
   [2 0 0 1 0])
  ("mid_x" .
   [3 0 0 0 0])
  ("else" .
   [0 0 2 3])
  ("neg" .
   [1 0 0])
  ("False" .
   [0 0 0 1 0])
  ("negative" .
   [1 0 0 0 0 0 0 0])
  ("stdin" .
   [1 0 0 1 0])
  ("foo" .
   [1 0 0])
  ("main" .
   [7 0 0 4])
  ("print" .
   [1 0 2 0 2])
  ("prev_str" .
   [0 0 0 1 1 0 0 0])
  ("break" .
   [0 0 3 4 0])
  ("trial" .
   [1 0 0 0 0])
  ("digits" .
   [5 0 1 0 2 1])
  ("u_even" .
   [1 0 1 2 2 2])
  ("u_odd" .
   [0 0 0 1 0])
  ("prev_even_str" .
   [0 0 0 0 0 0 0 0 1 0 0 0 0])
  ("format" .
   [0 0 0 0 0 3])
  ("__name__" .
   [0 0 0 0 1 0 0 1])
  ("__main__" .
   [0 0 0 0 0 1 0 0])
  ("Symbol" .
   [1 0 0 0 0 0])
  ("return" .
   [0 0 0 15 1 5])
  ("True" .
   [0 0 1 1])
  ("start" .
   [0 0 0 0 3])
  ("end" .
   [4 0 0])
  ("mid" .
   [5 0 0])
  ("Target" .
   [1 0 0 0 0 0])
  ("target" .
   [2 0 0 0 0 1])
  ("s_mid" .
   [0 0 2 2 0])
  ("epsilon" .
   [0 0 1 0 0 0 0])
  ("s5000" .
   [1 0 0 0 0])
  ("class" .
   [0 0 2 2 3])
  ("Foo" .
   [0 0 2])
  ("def" .
   [0 0 1])
  ("pass" .
   [0 0 2 2])
  ("__init__" .
   [0 0 2 0 2 1 0 2])
  ("for" .
   [2 2 31])
  ("100" .
   [4 0 0])
  ("string" .
   [5 0 0 1 2 5])
  ("name" .
   [0 0 0 2])
  ("double" .
   [0 0 0 1 0 0])
  ("salary" .
   [0 0 0 2 0 0])
  ("age" .
   [1 0 1])
  ("cout" .
   [14 0 5 5])
  ("beginend" .
   [0 0 0 1 0 0 0 0])
  ("struct" .
   [0 0 0 1 0 0])
  ("kasjfjkvd" .
   [0 0 1 0 0 0 0 0 0])
  ("fori" .
   [0 0 2 4])
  ("f" .
   [2])
  ("forn" .
   [1 0 0 0])
  ("memcpy" .
   [0 0 1 0 1 0])
  ("swap" .
   [0 0 0 1])
  ("stdio.h" .
   [2 0 0 0 0 1 1])
  ("stack" .
   [0 0 0 0 7])
  ("stackNew" .
   [0 0 0 0 0 0 2 0])
  ("stackPush" .
   [0 0 0 0 0 0 0 1 1])
  ("stackDispose" .
   [0 0 0 0 0 0 1 0 0 0 0 0])
  ("stdlib.h" .
   [1 0 0 0 1 0 1 1])
  ("void" .
   [1 0 1 1])
  ("s" .
   [1])
  ("logicalLen" .
   [0 0 1 0 0 0 0 0 0 0])
  ("allocLength" .
   [0 0 1 0 0 0 0 0 0 0 0])
  ("elems" .
   [0 0 0 1 1])
  ("malloc" .
   [0 0 0 0 2 0])
  ("assert.h" .
   [0 0 0 0 0 0 0 1])
  ("value" .
   [0 0 0 1 0])
  ("abc" .
   [1 0 0])
  ("operator" .
   [0 0 0 1 4 2 0 0])
  ("index" .
   [9 0 0 0 1])
  ("size_t" .
   [1 0 0 0 0 3])
  ("m_size" .
   [4 0 0 6 16 2])
  ("out_of_range" .
   [1 0 0 0 0 0 0 0 0 0 0 0])
  ("m_array" .
   [0 0 0 3 1 2 0])
  ("private" .
   [0 0 0 0 3 3 0])
  ("Array" .
   [2 0 0 2 0])
  ("size" .
   [3 0 0 0])
  ("delete" .
   [0 0 0 0 1 0])
  ("ostream" .
   [0 0 0 0 2 0 0])
  ("array" .
   [2 0 0 0 3])
  ("stream" .
   [1 0 0 0 0 0])
  ("output" .
   [0 0 0 1 3 2])
  ("my_arr" .
   [0 0 1 1 0 0])
  ("bitset" .
   [1 0 0 0 1 2])
  ("bs3" .
   [1 0 0])
  ("bs2" .
   [1 0 0])
  ("bs1" .
   [1 0 0])
  ("bs0" .
   [1 0 0])
  ("public" .
   [0 0 1 0 4 1])
  ("Goldfish" .
   [0 0 0 1 3 0 0 0])
  ("capacity" .
   [0 0 0 1 3 0 0 0])
  ("m_capacity" .
   [0 0 0 0 0 0 5 0 0 0])
  ("remember" .
   [0 0 0 0 1 0 0 0])
  ("m_amount" .
   [0 0 0 0 2 0 2 0])
  ("m_memory" .
   [0 0 0 1 1 1 0 0])
  ("Aquarium" .
   [0 0 0 0 3 0 0 0])
  ("m_nFish" .
   [0 0 0 1 0 0 0])
  ("str" .
   [17 0 0])
  ("result" .
   [2 0 0 0 1 1])
  ("dynamic" .
   [0 0 0 0 2 0 4])
  ("old" .
   [3 0 0])
  ("Circ" .
   [1 0 0 0])
  ("String" .
   [7 0 0 5 0 1])
  ("other" .
   [5 0 1 8 0])
  ("m_chars" .
   [1 0 0 1 11 1 0])
  ("old_size" .
   [0 0 1 0 0 0 0 0])
  ("const" .
   [0 0 0 0 5])
  ("t" .
   [2])
  ("ret" .
   [4 0 0])
  ("this" .
   [0 0 0 1])
  ("cstring" .
   [1 0 0 0 1 0 0])
  ("my_str" .
   [0 0 1 0 2 0])
  ("friend" .
   [0 0 0 0 1 0])
  ("strlen" .
   [0 0 0 0 1 0])
  ("IOError" .
   [0 0 1 0 0 0 0])
  ("CMD" .
   [2 0 0])
  ("Node" .
   [6 0 0 0])
  ("b4node" .
   [2 0 1 2 1 0])
  ("next" .
   [9 0 0 0])
  ("newnode" .
   [0 0 0 0 2 2 0])
  ("prev" .
   [8 0 0 0])
  ("m_tail" .
   [2 0 0 0 2 0])
  ("last" .
   [1 0 0 1])
  ("last1" .
   [5 0 0 0 0])
  ("last3" .
   [2 0 0 0 0])
  ("last2" .
   [4 0 0 0 0])
  ("nullptr" .
   [0 0 0 0 1 0 0])
  ("function" .
   [0 0 0 0 0 0 0 1])
  ("lug" .
   [1 0 0])
  ("empty" .
   [0 0 0 2 0])
  ("opPrecedence" .
   [0 0 0 0 0 1 0 0 0 0 0 0])
  ("std" .
   [2 0 0])
  ("values" .
   [0 0 1 1 0 0])
  ("case" .
   [1 0 0 0])
  ("in" .
   [0 1])
  ("sml/time" .
   [0 0 0 0 1 0 0 0])
  ("sml/shorten" .
   [0 0 0 0 0 0 0 0 0 0 1])
  ("sml/shorten-modes" .
   [0 0 0 0 0 0 0 0 0 0 0 0 0 0 0 0 1])))
